//   A       B       C       D       SEL     OUT0    OUT1    OUT2    OUT3
     -26196   -1406  -27872   15775       0 723061992       0       0       0 
       -813    4213  -23971   23987       0 -2764200       0       0       0 
       1913   25497   19262     261       1 -2764200 698872770       0       0 
     -25457    -650   28177  -31396       3 -2764200 698872770       0 819655372 
      22150   28937   -6744    -633       3 -2764200 698872770       0 -32338071 
      21830    5102   11313  -11068       1 -2764200 137407064       0 -32338071 
      25381  -22830   12081   11080       0 64746931 137407064       0 -32338071 
      -8206   13439  -24944  -13950       3 64746931 137407064       0 -73000350 
     -32295  -32762    3385   31983       3 64746931 137407064       0 -1073741824 
     -24141   31916    2892    9893       2 64746931 137407064 22485300 -1073741824 
     -27538  -18720  -31212   -3178       1 64746931 865949760 22485300 -1073741824 
     -23619  -29180  -32281    2047       0 1073741823 865949760 22485300 -1073741824 
      13466  -12781   28633  -22693       2 1073741823 865949760 19613605 -1073741824 
      24252   -8989  -18965  -15259       2 1073741823 865949760 -289462795 -1073741824 
      23606  -21402  -25920     385       3 1073741823 865949760 -289462795  848540 
      28855   15397  -18127   23800       3 1073741823 865949760 -289462795 1053197600 
      29234    6070    9518    1364       1 1073741823 214295280 -289462795 1053197600 
      -5301  -30828   10430   29178       0 191519829 214295280 -289462795 1053197600 
     -18914  -15595    6328   17880       0 652703226 214295280 -289462795 1053197600 
       -209   25673   -5903  -23081       3 652703226 214295280 -289462795 -587734584 
     -16536   22030  -21229   23812       0 -90848784 214295280 -289462795 -587734584 
      16921   14989    -668   -5640       0 539949110 214295280 -289462795 -587734584 
      17477  -28632  -10354    -356       2 539949110 214295280 115498870 -587734584 
      -7783   -7664   20765    8557       1 539949110 118385808 115498870 -587734584 
       1426  -13683    7934  -31958       2 539949110 118385808 -97247038 -587734584 
      26932    1947  -13648   23723       3 539949110 118385808 -97247038 685096517 
      14849    5404   -2572   23355       3 539949110 118385808 -97247038 473008815 
      29013  -13486   12354  -17546       2 539949110 118385808 191820558 473008815 
      21946  -13662  -23784   29343       1 539949110 -113176008 191820558 473008815 
        103   -9780    3833  -14163       0 -996731 -113176008 191820558 473008815 
      10756   29834    -173  -18874       2 -996731 -113176008 -7022070 473008815 
      20301  -16196   20598  -15047       1 -996731 -66484580 -7022070 473008815 
     -22199   19117   29470     610       1 -996731 -58918594 -7022070 473008815 
      16282     497   -5944  -28990       3 -996731 -58918594 -7022070 -486423210 
       3328   16039  -20703   -1958       3 -996731 -58918594 -7022070 -37920586 
      16766  -19245   -2054   10242       1 -996731 47708355 -7022070 -37920586 
     -27783    4919   -7625  -28371       0 635230512 47708355 -7022070 -37920586 
      -1267   19575   13777   18469       2 635230512 47708355 252229316 -37920586 
     -17997   20824  -19307    -544       0 -50877519 47708355 252229316 -37920586 
     -18486  -10986  -25417    1256       1 -50877519 323779392 252229316 -37920586 
      21403   25674  -16278   -6425       1 -50877519 1073741823 252229316 -37920586 
      -9281   20286  -21371    7464       0 -102137405 1073741823 252229316 -37920586 
       5408    -720  -14346   18869       0 25352704 1073741823 252229316 -37920586 
     -19943   -4426   26426   -8226       1 25352704 107857194 252229316 -37920586 
       9224  -22869  -29479  -23586       0 -125861480 107857194 252229316 -37920586 
      27144  -15424   24050   24720       2 -125861480 107857194 281866000 -37920586 
      12829    1077   21504  -29868       3 -125861480 107857194 281866000 -415344408 
      30456   28265   16759   -3605       2 -125861480 107857194 984105239 -415344408 
      28732    6031  -10010   -6978       2 -125861480 107857194 -347977630 -415344408 
       7156  -29814     136  -13949       1 -125861480 675525612 -347977630 -415344408 
      -4996  -15842  -25461     209       1 -125861480 330115596 -347977630 -415344408 
      28659   -2269   19047   17983       1 -125861480 -59878910 -347977630 -415344408 
     -24916    3821   10500   22378       3 -125861480 -59878910 -347977630 -472063910 
      24134   -3224  -32606  -18905       0 504641940 -59878910 -347977630 -472063910 
       5427   20353  -23153   31489       2 504641940 -59878910 -596884340 -472063910 
       5481   10674  -28655   -1467       2 504641940 -59878910 -462921525 -472063910 
     -30630   17022    2957    5510       1 504641940 -231635376 -462921525 -472063910 
        -89   11074  -10442  -17335       3 504641940 -231635376 -462921525 -190424975 
     -28798   26572  -16818   -3695       2 504641940 -231635376 37436868 -190424975 
      10830  -21093  -15695   -4197       1 504641940 216477459 37436868 -190424975 
      31300   15888  -11381   31867       2 504641940 216477459 -537046628 -190424975 
      -7143   26938  -29846  -14007       1 504641940 533237710 -537046628 -190424975 
      27183    -605   19066   24985       1 504641940 -16079690 -537046628 -190424975 
     -24162   15389  -20115    1431       1 504641940 -135007697 -537046628 -190424975 
      31703   10276  -18707   20976       3 504641940 -135007697 -537046628 880551504 
      -4858   -9931  -24534   16550       2 504641940 -135007697 362833326 880551504 
       4471  -31531  -11484  -24077       3 504641940 -135007697 362833326 651523620 
      16422    6091   11812  -30047       0 369708486 -135007697 362833326 651523620 
      -9544  -27252   30574   15587       2 369708486 -135007697 -1073741824 651523620 
      28543  -24195  -22002  -27970       1 369708486 -105199860 -1073741824 651523620 
      25053   -7176   16948  -25989       0 447872481 -105199860 -1073741824 651523620 
     -10132    8783   12487    8945       3 447872481 -105199860 -1073741824 -12066805 
       5304   -9104    5466   14513       0 -20155200 -105199860 -1073741824 -12066805 
      13088  -27427   19914   21105       1 -20155200 393275753 -1073741824 -12066805 
      -1135   12876    -631   11484       3 -20155200 393275753 -1073741824 134833644 
     -26651  -27763    8978   20682       2 -20155200 393275753 -488528892 134833644 
      -5607   17335    5874   22300       0 -65758896 393275753 -488528892 134833644 
       9586  -11190   16523   -5777       1 -65758896 17948760 -488528892 134833644 
     -18265    2974   16605    6765       3 -65758896 17948760 -488528892 -103443615 
      29272  -32409   19572   -2353       2 -65758896 17948760 -61397364 -103443615 
     -20650  -10012  -32391  -29635       2 -65758896 17948760 993172842 -103443615 
      24600  -16950  -22463   25502       1 -65758896 -129667500 993172842 -103443615 
       7338  -27455    6022  -30180       3 -65758896 -129667500 993172842 607131060 
     -18736  -20774   -5874   -6945       2 -65758896 -129667500 232081740 607131060 
       2993   23167  -23932  -21525       1 -65758896 606048720 232081740 607131060 
      18180  -15621    8041  -19009       2 -65758896 606048720 20576919 607131060 
     -10903  -25418   10225    8878       2 -65758896 606048720 -371382225 607131060 
     -20733    7023  -25288   21391       2 -65758896 606048720 346698480 607131060 
     -23693  -25339  -12728   23685       0 1073741823 606048720 346698480 607131060 
      16548   23326   31005  -21143       0 659834952 606048720 346698480 607131060 
     -10587    5822  -29201   22265       2 659834952 606048720 139142765 607131060 
      31749   -6774    4634  -17808       3 659834952 606048720 139142765 -444754800 
     -31518   18034   14025  -15948       2 659834952 606048720 -189113100 -444754800 
      11933   -8384   -3022   30034       1 659834952 -29754816 -189113100 -444754800 
      -7952  -10023   25897    1096       0 142937200 -29754816 -189113100 -444754800 
      -5481   21714  -28009  -12085       1 142937200 352483362 -189113100 -444754800 
     -32416    5450   26890  -11880       0 874129856 352483362 -189113100 -444754800 
     -18113  -21680   20336   13242       3 874129856 352483362 -189113100 -526938906 
     -15796   15786   -4539   10972       1 874129856 -157860 -189113100 -526938906 
     -20020  -21678    9372   20459       3 874129856 -157860 -189113100 -853099382 
      -6124     894  -30158  -26896       1 874129856 -4675620 -189113100 -853099382 
     -32682   28617  -20108  -18813       3 874129856 -4675620 -189113100 76474845 
       1733   -3354   21013   13105       3 874129856 -4675620 -189113100 -21243205 
      -2719  -14177  -31791   31149       2 874129856 -4675620 537140736 -21243205 
      32548   13971    2127    3996       2 874129856 -4675620 98945913 -21243205 
     -27646   29976   -3311   15240       1 874129856 69844080 98945913 -21243205 
      31973    5605  -28603   13160       2 874129856 69844080 -1073741824 -21243205 
     -19017  -30898   30437   -3341       0 949233555 69844080 -1073741824 -21243205 
     -16893    -341   -8209   12173       1 949233555 5876794 -1073741824 -21243205 
      -6026   29075    4591   17793       2 949233555 5876794 105817959 -21243205 
      -4620   25720   15491    9435       2 949233555 5876794 326860100 -21243205 
       1823   -7028    3365   -2217       2 949233555 5876794 -17514825 -21243205 
     -12970  -28982  -29760  -27202       0 544117440 5876794 -17514825 -21243205 
      30765   -3270  -12635   12561       2 544117440 5876794 -347399325 -21243205 
     -11088    9940   -7287   -7568       0 12729024 5876794 -347399325 -21243205 
       2291    8760  -30658   32316       0 25317841 5876794 -347399325 -21243205 
       3221  -12615  -25923   24129       2 25317841 5876794 243520662 -21243205 
      17151    9984     379   11503       1 25317841 270915840 243520662 -21243205 
      -3458   24781   -8953  -27742       1 25317841 528405263 243520662 -21243205 
      27430   -7964   -6883  -21212       2 25317841 528405263 -133984478 -21243205 
      15003  -19138    1304   18877       2 25317841 528405263 -5392040 -21243205 
       1076   13516  -12853  -10613       0 15700992 528405263 -5392040 -21243205 
     -17221  -10009    9570   -3921       1 15700992 272545070 -5392040 -21243205 
      14175   22778   -5185  -29747       2 15700992 272545070 -191601305 -21243205 
     -19604   23332   11824   27382       0 -73083712 272545070 -191601305 -21243205 
       -624  -27929  -28657  -30177       1 -73083712 797456737 -191601305 -21243205 
     -16703  -23909   -6176  -25866       2 -73083712 797456737 250819712 -21243205 
      -5556   -7114   -4920   30514       2 -73083712 797456737 62336400 -21243205 
       5571   20965  -30652   19564       0 147832056 797456737 62336400 -21243205 
       4992  -27455   -6892  -17578       1 147832056 616721665 62336400 -21243205 
      -8123  -12192   -3913  -30289       0 165018745 616721665 62336400 -21243205 
       7552   11037  -27472  -26304       0 140384128 616721665 62336400 -21243205 
      30630   24862  -31498   23276       0 1073741823 616721665 62336400 -21243205 
     -10623   -3958  -17924  -20884       2 1073741823 616721665 261349844 -21243205 
       7390  -23651   -2135  -29786       0 -120168790 616721665 261349844 -21243205 
     -28405   27569   19747   -9536       3 -120168790 616721665 261349844 7972096 
     -24847  -27676   18591    5942       2 -120168790 616721665 -976455093 7972096 
     -16737   11362   -1455  -19082       3 -120168790 616721665 -976455093 102565750 
      30186    3461    -598   26035       2 -120168790 616721665 -20120906 102565750 
     -19351   16724  -13167   27757       0 50835077 616721665 -20120906 102565750 
      25566    6989   21637   21259       2 50835077 616721665 704392535 102565750 
     -18218    2357  -20804  -14650       0 288955698 616721665 704392535 102565750 
      20042    5140  -21006    9489       3 288955698 616721665 704392535 238951998 
     -29048  -21339   20917   29700       0 1073741823 616721665 704392535 238951998 
     -28933   15223  -17433   -2681       2 1073741823 616721665 239006430 238951998 
     -21457  -14316  -14610  -30679       0 767581261 616721665 239006430 238951998 
      17067  -18504   26803  -13940       1 767581261 26590248 239006430 238951998 
      -9312   30657  -26710  -29588       1 767581261 654373665 239006430 238951998 
       9775  -11671   -5057    1417       3 767581261 654373665 239006430 -2686632 
     -26149   27666   -2729   20632       2 767581261 654373665 -4139893 -2686632 
       1368   16660  -21204   17970       2 767581261 654373665 -382265712 -2686632 
     -20900   18434   13887   25977       2 767581261 654373665 -34245342 -2686632 
      -8816  -22283    8138    3739       2 767581261 654373665 -253083662 -2686632 
       8955   -6527   15137   19596       2 767581261 654373665 36752636 -2686632 
      -5809  -27025  -27826   10765       2 767581261 654373665 913638884 -2686632 
      -8331   26295  -23317  -23286       3 767581261 654373665 913638884 -418309704 
     -30868   22726   31540   23209       0 251327256 654373665 913638884 -418309704 
      19092   -5183    7610   23924       2 251327256 654373665 105847490 -418309704 
     -18130  -27611   29719   24615       2 251327256 654373665 -1073741824 -418309704 
     -29573  -10849  -31118   26618       3 251327256 654373665 -1073741824 -1073741824 
      24664  -16361   12589   21107       2 251327256 654373665 104526467 -1073741824 
     -19737   21310  -14308   16426       2 251327256 654373665 -22506484 -1073741824 
     -28603   11477  -24127   17013       3 251327256 654373665 -22506484 -291364638 
      -5652    -621   25733  -10908       0 35454996 654373665 -22506484 -291364638 
       8606  -29024   -4136   31021       3 35454996 654373665 -22506484 -633386778 
      -7184   -9002  -10562   16810       1 35454996 145706372 -22506484 -633386778 
      27328   13356  -20245    4361       1 35454996 543375504 -22506484 -633386778 
     -19285     208     310   18743       1 35454996 -3968016 -22506484 -633386778 
      -1050   28613   15068   31432       2 35454996 -3968016 415319284 -633386778 
      -9196   19369   19793    6672       1 35454996 197040837 415319284 -633386778 
      18446    7397   23569   15430       3 35454996 197040837 415319284 398757490 
       3290   32366  -22403  -14510       1 35454996 1073741823 415319284 398757490 
     -23407   30147    7524   27360       2 35454996 1073741823 50711760 398757490 
      13822  -23788  -16114   23835       2 35454996 1073741823 160592124 398757490 
      12070  -27761   30873  -14724       1 35454996 435597851 160592124 398757490 
     -12652   -6767   12599  -26378       2 35454996 435597851 -244659981 398757490 
     -30863  -24706   -1997  -17983       1 35454996 1073741823 -244659981 398757490 
        508  -16944   29342   -5176       0 -8349488 1073741823 -244659981 398757490 
     -25666  -12434   -5527  -15853       0 977874600 1073741823 -244659981 398757490 
      -4717  -27630   15695   -3617       1 977874600 893747610 -244659981 398757490 
      15050    7906   -2607  -32361       1 977874600 181490136 -244659981 398757490 
       1913  -12946  -19255    7124       2 977874600 181490136 212440415 398757490 
     -10357  -19588   32442    1327       3 977874600 181490136 212440415 -39737015 
      30748   26298  -10086   -6592       3 977874600 181490136 212440415 -376047232 
      29737   20396    2521  -22098       3 977874600 181490136 212440415 -1073741824 
      14473  -12969   26976   -8902       0 21767392 181490136 212440415 -1073741824 
      -7572  -32360   -4500  -12344       2 21767392 181490136 179694000 -1073741824 
       4697  -15962   12530  -30679       2 21767392 181490136 -141150450 -1073741824 
     -31128  -32160   24636   15635       0 1073741823 181490136 -141150450 -1073741824 
     -15982  -22052  -16504  -27539       2 1073741823 181490136 627713136 -1073741824 
       5242   28094   22822  -21821       2 1073741823 181490136 760794192 -1073741824 
       6307  -21800  -21743  -30331       1 1073741823 337747400 760794192 -1073741824 
     -15124  -22767   10678  -22654       2 1073741823 337747400 -404600098 -1073741824 
      -8135  -19020  -16634   23504       0 220905925 337747400 -404600098 -1073741824 
      29428   -7163  -16834  -31913       3 220905925 337747400 -404600098 -710542945 
      20342   24241  -20523   21098       0 906907386 337747400 -404600098 -710542945 
     -18983  -29643   -7179   19274       1 906907386 1073741823 -404600098 -710542945 
      -6062    7151  -31807   -5557       0 -6601518 1073741823 -404600098 -710542945 
      21835   -9579   18893   11908       3 -6601518 1073741823 -404600098 145944448 
       4039   -7771    8473   30201       3 -6601518 1073741823 -404600098 -112710132 
      -6381   -3486    8306   14186       2 -6601518 1073741823 -81955302 -112710132 
      -1553   23938   10218    6571       1 -6601518 535852130 -81955302 -112710132 
      23529    7277   -9958   19307       0 724834374 535852130 -81955302 -112710132 
     -11122  -31546    3305   29148       2 724834374 535852130 -141017740 -112710132 
      -5853   -1207  -15720  -10079       1 724834374 8521420 -141017740 -112710132 
     -16573  -16827   17295   -1619       3 724834374 8521420 -141017740 54074600 
     -18057  -31888  -10957   23124       2 724834374 8521420 547247365 54074600 
     -31969   21909    7423    3305       3 724834374 8521420 547247365 -33248300 
      -7089   18238  -32284  -13817       2 724834374 8521420 -359934316 -33248300 
     -19751   27599   11795    1088       0 -155005848 8521420 -359934316 -33248300 
     -32478   21332   -7309   16410       1 -155005848 -237766472 -359934316 -33248300 
      17720  -14203   29317  -21677       1 -155005848 -49951951 -359934316 -33248300 
      30773   12558    2827    6936       0 1073741823 -49951951 -359934316 -33248300 
       5273  -31938    5327   17789       3 1073741823 -49951951 -359934316 -474343685 
     -12847   21688  -21156   27149       3 1073741823 -49951951 -359934316 240024309 
      30051   18858  -29035    -552       1 1073741823 922325922 -359934316 240024309 
      -1853   30362  -23293   30053       0 -52827177 922325922 -359934316 240024309 
      22832   27434   -1356   27538       1 -52827177 1073741823 -359934316 240024309 
      16107  -27584   11978   16988       1 -52827177 316581568 -359934316 240024309 
      29702  -32451   17546   -3289       0 -81650798 316581568 -359934316 240024309 
     -24099   22157   19248   12042       1 -81650798 -43028894 -359934316 240024309 
      26652   23116  -26130   20425       0 1073741823 -43028894 -359934316 240024309 
       7542   22571  -27855  -23078       3 1073741823 -43028894 -359934316 -694947814 
     -21993   16318  -22705  -25203       0 124810275 -43028894 -359934316 -694947814 
     -20996  -29121   -2613  -24205       2 124810275 -43028894 130955721 -694947814 
       3404   31275   -5232    8076       2 124810275 -43028894 -181440528 -694947814 
     -29813   -1383  -13760   26379       3 124810275 -43028894 -181440528 -822919284 
     -13281  -20107    -299  -16015       1 124810275 671332516 -181440528 -822919284 
      -9907  -26813  -25505  -24957       0 363785040 671332516 -181440528 -822919284 
     -32589  -26015   23751   -4800       1 363785040 1073741823 -181440528 -822919284 
       6646   -8256   -1428  -17201       3 363785040 1073741823 -181440528 27693610 
       8968   -2455   -6782    1723       1 363785040 -15989415 -181440528 27693610 
      31423   -1408   -9562   17610       1 363785040 -42261120 -181440528 27693610 
     -11719   12293  -30546  -12887       0 -6726706 -42261120 -181440528 27693610 
     -19728   -6617   12228    8819       2 -6726706 -42261120 -322146660 27693610 
     -22447    6504   28103    7091       0 357872521 -42261120 -322146660 27693610 
     -29961   28938   18134   29176       2 357872521 -42261120 -18551082 27693610 
     -19707  -30388  -27503   25452       2 357872521 -42261120 1073741823 27693610 
       9297   19455    1020  -25796       3 357872521 -42261120 1073741823 -741686592 
     -23026  -28402   14305    4669       0 1073741823 -42261120 1073741823 -741686592 
      20164  -12915  -20524  -15503       3 1073741823 -42261120 1073741823 -112381247 
      11211  -17402    6688  -26446       0 -69407301 -42261120 1073741823 -112381247 
     -17121   28836     649  -24625       2 -69407301 -42261120 7603035 -112381247 
     -24921   -8502   16124  -13420       3 -69407301 -42261120 7603035 448536660 
     -31374   -2703   -1135   -2595       2 -69407301 -42261120 38677395 448536660 
      28094    3589   32140   -8034       1 -69407301 113710287 38677395 448536660 
       5154   12286   24476  -14933       1 -69407301 214267840 38677395 448536660 
      17911  -21217   -2694  -22477       0 -59213766 214267840 38677395 448536660 
      -7188  -14381   26672  -13710       3 -59213766 214267840 38677395 295710990 
      12657  -22452   -5507  -13718       0 -123975315 214267840 38677395 295710990 
      23521   26707  -11276   26491       3 -123975315 214267840 38677395 1073741823 
     -31825    -515    -494    8059       2 -123975315 214267840 15975960 1073741823 
     -25759   16488   23124   30812       1 -123975315 -152860248 15975960 1073741823 
      32359  -19003  -18109   -3352       2 -123975315 -152860248 -241863804 1073741823 
     -22561  -23613  -21480   27739       1 -123975315 1073741823 -241863804 1073741823 
     -10102  -27811   31919  -25164       1 -123975315 1054398443 -241863804 1073741823 
     -13400  -23376    3580   30581       2 -123975315 1054398443 -131658080 1073741823 
      -6053    4439  -17173  -25186       1 -123975315 -7164546 -131658080 1073741823 
     -17014   30946  -20666  -21018       1 -123975315 431139672 -131658080 1073741823 
     -32020    2324   -8416  -28320       3 -123975315 431139672 -131658080 840990720 
      -4485  -11047   -8562   -8581       1 -123975315 171582004 -131658080 840990720 
     -28506   29218   22618  -27352       2 -123975315 171582004 16104016 840990720 
     -29992  -24154    5461     596       2 -123975315 171582004 -295691306 840990720 
      22577  -19576   27830   20356       3 -123975315 171582004 -295691306 61088356 
      23496   -7700  -26379    9672       1 -123975315 -121629200 -295691306 61088356 
      14908  -25567  -14933   -7485       2 -123975315 -121629200 159170847 61088356 
      14623   19673   29240   11880       2 -123975315 -121629200 1002815040 61088356 
     -32744     699   -3532  -21328       3 -123975315 -121629200 1002815040 683455760 
       3555  -18054  -27409  -32127       3 -123975315 -121629200 1002815040 465809373 
      23992   -4979    5217    9867       2 -123975315 -121629200 99190821 465809373 
      19081  -19783  -16901   -1046       1 -123975315 13887666 99190821 465809373 
     -23842  -29348   24143  -15147       0 1073741823 13887666 99190821 465809373 
      32180   18799  -20961  -11721       1 1073741823 958354221 99190821 465809373 
      23331  -21209   31669    1248       2 1073741823 958354221 67201618 465809373 
      -2998   18266   -5327  -18976       0 -45773464 958354221 67201618 465809373 
      15007   12477  -18957   -4611       3 -45773464 958354221 67201618 -126728724 
     -19298   23647   -2671  -12853       2 -45773464 958354221 -11616179 -126728724 
      25342   20237   16073  -17558       3 -45773464 958354221 -11616179 -800276082 
      12550   14109   28710   27715       2 -45773464 958354221 765379890 -800276082 
      -6378   16901    7353    5445       2 -45773464 958354221 77375619 -800276082 
      17450  -13651   29032   -6711       2 -45773464 958354221 110292568 -800276082 
      22256   -9093   15426  -19419       1 -45773464 -119691159 110292568 -800276082 
      18944  -17039    4260  -16808       1 -45773464 -32459295 110292568 -800276082 
      -6973   12011   21838  -22039       1 -45773464 60511418 110292568 -800276082 
       -393  -25911   24523  -11392       2 -45773464 60511418 -645052992 -800276082 
     -23372    9431   15946  -20978       1 -45773464 -131477571 -645052992 -800276082 
       5812  -28278  -18579    6278       3 -45773464 -131477571 -645052992 -141041548 
       6866  -11446    7005  -15493       0 -31446280 -131477571 -645052992 -141041548 
     -18955  -23356   27657   20068       0 802005005 -131477571 -645052992 -141041548 
      10700    4653   14819  -13839       0 164277100 -131477571 -645052992 -141041548 
      13726  -11876   21459    5375       3 164277100 -131477571 -645052992 9943750 
      -5964  -17279  -14967   22088       0 138621252 -131477571 -645052992 9943750 
     -18966   14743    6392   17765       0 80093418 -131477571 -645052992 9943750 
     -12085  -17444   13330    7620       3 80093418 -131477571 -645052992 -225010980 
      12072   10234   13717  -27746       0 269278032 -131477571 -645052992 -225010980 
     -15993   25108   -7906  -27109       3 269278032 -131477571 -645052992 -247098535 
      -1200   -1511  -15173   28061       1 269278032 4096321 -645052992 -247098535 
     -11988  -16371   -7243   24451       1 269278032 464265189 -645052992 -247098535 
      29229   29122  -20337   -9429       2 269278032 464265189 -1073741824 -247098535 
      25257   18118   -9648   10386       2 269278032 464265189 -418482000 -247098535 
      22072   12225   26517   30078       3 269278032 464265189 -418482000 1031585166 
      -1260  -14018  -12897  -32019       2 269278032 464265189 197040366 1031585166 
     -28171   -3156    7511   -2247       0 882512917 464265189 197040366 1031585166 
      11305  -18797   29435   16742       0 -84697060 464265189 197040366 1031585166 
     -18469  -24064  -31870   22939       0 785541977 464265189 197040366 1031585166 
     -17285    3161   19656   -6950       2 785541977 464265189 -277621344 1031585166 
      -1713    4101  -32141  -10760       3 785541977 464265189 -277621344 -25694880 
      17475  -19025   29251   14814       1 785541977 29488750 -277621344 -25694880 
       8213    6032   29274   -1725       1 785541977 85925840 -277621344 -25694880 
      10902    1834  -23611  -28709       0 138847872 85925840 -277621344 -25694880 
       8966   17908   19029   13998       2 138847872 85925840 511385346 -25694880 
      27026   17452   -3872   23649       0 1073741823 85925840 511385346 -25694880 
      27329  -15677   -2409  -12043       3 1073741823 85925840 511385346 -140325036 
      28754   27916    5816  -18913       1 1073741823 1073741823 511385346 -140325036 
     -31679  -26067   -6522  -26323       3 1073741823 1073741823 511385346 1073741823 
     -13404    2684    7728   17357       2 1073741823 1073741823 -82844160 1073741823 
      -2352   11787   29838   26686       2 1073741823 1073741823 281521530 1073741823 
      32700  -18442  -10688   -2539       0 466236600 1073741823 281521530 1073741823 
     -20540  -23730   -7177   26781       1 466236600 1050527100 281521530 1073741823 
      -3465   -7532  -17561  -21620       3 466236600 1050527100 281521530 237755140 
       5600   19597   18326   17067       2 466236600 1050527100 461760222 237755140 
       5860  -25182  -19115   -1315       0 -113226920 1050527100 461760222 237755140 
      22753  -14439   31592  -23591       2 -113226920 1050527100 262655888 237755140 
      20815   30873   29165    7020       1 -113226920 1073741823 262655888 237755140 
      19650   -8762   28883   -8535       0 213949200 1073741823 262655888 237755140 
     -14300   28978    4832    6032       3 213949200 1073741823 262655888 88537696 
     -15915   -8717  -16596   22364       2 213949200 1073741823 408792672 88537696 
      10062   13660   16626    8822       0 238690764 1073741823 408792672 88537696 
      -4248  -25266  -30192  -12293       1 238690764 745700724 408792672 88537696 
      27276     778   27393   -4747       3 238690764 745700724 408792672 -133172338 
       8688   11462    8173   22999       1 238690764 230959300 408792672 -133172338 
      28379  -26151   25247  -25976       0 63228412 230959300 408792672 -133172338 
      20697  -25037  -10799  -19223       0 -89824980 230959300 408792672 -133172338 
      -8697   -8030    8493    5511       3 -89824980 230959300 408792672 -92182497 
      22967   12925    1113   18640       2 -89824980 230959300 39947796 -92182497 
      28794    1202   16281    2933       2 -89824980 230959300 488364876 -92182497 
      27928   16893   17939  -25692       2 -89824980 230959300 804043919 -92182497 
      28546    6146   13752    -715       0 990317832 230959300 804043919 -92182497 
     -12084  -29395   24830   31291       2 990317832 230959300 -1029923570 -92182497 
       6333    8972     616  -16709       3 990317832 230959300 -1029923570 -255731245 
       5876   26056   29788   10987       2 990317832 230959300 951190416 -255731245 
      29841  -25572  -24593  -27419       0 127391229 230959300 951190416 -255731245 
       6193   15416  -26261   21818       0 133824537 230959300 951190416 -255731245 
       4039    4905   12672   25657       2 133824537 230959300 113338368 -255731245 
      10891   22709  -17968    4474       1 133824537 763022400 113338368 -255731245 
      -7705   32465  -25617   29177       1 133824537 803833400 113338368 -255731245 
     -22488   10038   24150  -22994       1 133824537 -124973100 113338368 -255731245 
     -17514  -22520   29780   30072       3 133824537 -124973100 113338368 -1073741824 
      29744   17038     429     270       3 133824537 -124973100 113338368 12631140 
     -30890   27919  -12831   -3586       3 133824537 -124973100 113338368 10654006 
     -23500    -450    6575  -30781       3 133824537 -124973100 113338368 737204950 
      21990   14478    4664  -13743       1 133824537 527983704 113338368 737204950 
     -11870  -16471  -31990   -8733       0 336407670 527983704 113338368 737204950 
      22598   21377   31908    -727       0 993747050 527983704 113338368 737204950 
      -1431    9897  -29210   -5797       2 993747050 527983704 -247291860 737204950 
      -2345    9237   -2375   24799       1 993747050 63661404 -247291860 737204950 
         36   -8521  -11840   22756       3 993747050 63661404 -247291860 -193084660 
       9949   19247   16702  -13400       3 993747050 63661404 -247291860 -391226400 
      26334   -5340   30666   14242       1 993747050 -112107960 -247291860 -391226400 
      16677  -26680    -716  -10828       3 993747050 -112107960 -247291860 108312484 
       6515  -32246    7620   -8408       0 -167637465 -112107960 -247291860 108312484 
      -4318   30496   16176  -10349       3 -167637465 -112107960 -247291860 -270916122 
       8176   22669   15702   -1377       0 252188720 -112107960 -247291860 -270916122 
      22910   28686  -20059   20843       3 252188720 -112107960 -247291860 1073741823 
     -19759   23422  -32742  -30281       0 -72377217 -112107960 -247291860 1073741823 
      -7930  -18806   19846  -12486       0 212016480 -112107960 -247291860 1073741823 
      17367   21296   22899   11072       0 671460321 -112107960 -247291860 1073741823 
       6108    8969   -7530    9298       1 671460321 135225613 -247291860 1073741823 
      -3776   14457   29702  -13635       2 671460321 135225613 317247062 1073741823 
     -15172  -18808  -27503     978       1 671460321 639095840 317247062 1073741823 
     -17060  -22327  -13724   12264       3 671460321 639095840 317247062 -483042168 
       1914   10519   -3248   23756       2 671460321 639095840 -40382384 -483042168 
      -2223   22744  -18065    2319       2 671460321 639095840 -370711865 -483042168 
      18611   17898   -8507   -8407       3 671460321 639095840 -370711865 -306931163 
     -16976   -7399   13173   27028       3 671460321 639095840 -370711865 -658807500 
      12729    1089   31700  -23239       1 671460321 15047802 -370711865 -658807500 
     -26238  -32618   31766  -20463       1 671460321 1073741823 -370711865 -658807500 
     -12951   -5421   -6769  -19941       2 671460321 1073741823 124360068 -658807500 
      10576  -20928  -27168  -13402       1 671460321 216646656 124360068 -658807500 
       7998   -1088   -2383  -29360       3 671460321 216646656 124360068 -202877600 
      23591  -11133   -8171    1064       1 671460321 -138694914 124360068 -202877600 
      10772    7806   -2030    1288       2 671460321 -138694914 -37713340 -202877600 
     -14306   23492   15849  -18405       2 671460321 -138694914 145588914 -202877600 
     -10750   -6079   -7335   18058       3 671460321 -138694914 145588914 -303898082 
      13723  -12458  -16978     524       2 671460321 -138694914 -21477170 -303898082 
      11521   25080    4538    3457       1 671460321 917953080 -21477170 -303898082 
     -27956    6828    7124     945       3 671460321 917953080 -21477170 -19965960 
     -12663    3001  -20409  -16999       1 671460321 -28995662 -21477170 -19965960 
     -29549  -31101   26970    -897       3 671460321 -28995662 -21477170 54403050 
      -4293  -18454  -25712   14935       2 671460321 -28995662 584870864 54403050 
       6268   -3015   32657   25784       3 671460321 -28995662 584870864 83875352 
      -1125   11098  -29035    3028       3 671460321 -28995662 584870864 30198244 
       5851  -16863   24801   -3487       0 -64431212 -28995662 584870864 30198244 
      15448   30549   -9186   -5757       2 -64431212 -28995662 -422528442 30198244 
      17349  -14428  -32316  -30005       3 -64431212 -28995662 -422528442 -87644605 
     -10434  -28423   -5439  -17468       2 -64431212 -28995662 211343223 -87644605 
       -128  -21089    5302   -8776       1 -64431212 447445313 211343223 -87644605 
     -13698   -4986   25078   -7576       3 -64431212 447445313 211343223 141549984 
      30476  -23444   11794  -27365       3 -64431212 447445313 211343223 -192430680 
      32669   22145  -25599   29466       3 -64431212 447445313 211343223 1073741823 
      14270    5116  -19112   -2726       3 -64431212 447445313 211343223 -52846236 
       7119   15358  -31900   -5280       1 -64431212 345201766 211343223 -52846236 
      15099    9988    3771   13514       1 -64431212 250568956 211343223 -52846236 
      14028  -25403  -10868   -1213       0 -159568500 250568956 211343223 -52846236 
      22102    7072   -7733   27796       3 -159568500 250568956 211343223 810920504 
      -7738  -11747   10535  -21866       1 -159568500 228890295 211343223 810920504 
      11641  -11521  -12357    3615       2 -159568500 228890295 -1482840 810920504 
      31562    9749  -27050   26396       0 1073741823 228890295 -1482840 810920504 
      -9563  -30919  -25404  -21280       0 387129366 228890295 -1482840 810920504 
      18417   17202   24206  -15735       1 387129366 612718038 -1482840 810920504 
     -21446   -3275   15261  -12033       2 387129366 612718038 -377267181 810920504 
     -18403  -22849    2183  -12063       1 387129366 942566948 -377267181 810920504 
      23512   23584    5426  -10253       0 1073741823 942566948 -377267181 810920504 
     -17521  -16622   24441   -2250       3 1073741823 942566948 -377267181 76821750 
       7863   -7334  -10480  -15506       3 1073741823 942566948 -377267181 -8202674 
     -31994   11270  -30378  -16797       1 1073741823 -233559480 -377267181 -8202674 
     -29787     905    7179    9309       1 1073741823 -26138210 -377267181 -8202674 
      16961   24196    1967    1925       3 1073741823 -26138210 -377267181 79227225 
       9776   19102   26063     548       0 282311328 -26138210 -377267181 79227225 
     -16008   19491   17164   -3843       0 -55755864 -26138210 -377267181 79227225 
      19341   11293   28321  -11297       0 592492194 -26138210 -377267181 79227225 
       6610   21765  -10666   -3533       1 592492194 617581875 -377267181 79227225 
      14563   27461  -12213   -7856       1 592492194 1073741823 -377267181 79227225 
      31308   12256   27770  -18530       2 592492194 1073741823 1073741823 79227225 
      29410    8559   20147  -24171       3 592492194 1073741823 1073741823 -917748699 
     -24918  -13214   18014    2558       3 592492194 1073741823 1073741823 -97541656 
       6435    8490   28086    5691       0 96042375 1073741823 1073741823 -97541656 
       3542  -11212  -28786  -30128       2 96042375 1073741823 220788620 -97541656 
      31732   12419   27348   15060       0 1073741823 1073741823 220788620 -97541656 
      13656  -25355  -26979     549       1 1073741823 296628145 220788620 -97541656 
      -9200   11400   20580    6159       0 -20240000 296628145 220788620 -97541656 
      -3862  -27556  -24059  -30490       1 -20240000 865754408 220788620 -97541656 
       7979  -27934   20028    8299       0 -159220945 865754408 220788620 -97541656 
      20292   -7076   20633   10444       2 -159220945 865754408 272685728 -97541656 
      -1123  -22645  -31902   15314       0 26691464 865754408 272685728 -97541656 
     -19892   18131    9845  -13583       1 26691464 -31928691 272685728 -97541656 
       2399  -13869   15989  -24835       3 26691464 -31928691 272685728 284857450 
     -28700   32030   13387  -28432       1 26691464 106659900 272685728 284857450 
     -14146  -15478   13861  -22967       1 26691464 458520272 272685728 284857450 
      -9969   -8129  -25795   11473       2 26691464 458520272 466837910 284857450 
     -23596   18286  -27046  -11368       0 125294760 458520272 466837910 284857450 
     -24763  -27962   11986   -6888       2 125294760 458520272 -631961850 284857450 
      -4434  -19456    -550    -960       0 105928260 458520272 -631961850 284857450 
      25711  -18486  -28377  -25214       0 185761975 458520272 -631961850 284857450 
      15180   -3429     748  -15605       0 178380180 458520272 -631961850 284857450 
     -29544   31145  -13335  -15853       0 -47299944 458520272 -631961850 284857450 
      -4832   14645   26261     681       3 -47299944 458520272 -631961850 6682653 
      31865    2092   20960   -2634       2 -47299944 458520272 711738720 6682653 
     -19922    1257   22160    8441       1 -47299944 -23461905 711738720 6682653 
      10407  -31808   21729  -27389       3 -47299944 -23461905 711738720 586151989 
      32222  -22472  -32571    6075       0 314164500 -23461905 711738720 586151989 
      11055  -21123   27605     358       2 314164500 -23461905 -277927140 586151989 
      28778   -5662  -18117    1300       3 314164500 -23461905 -277927140 30050800 
      23890   29233   11784   -2580       1 314164500 1073741823 -277927140 30050800 
     -24713  -19511  -32731  -32577       2 314164500 1073741823 1073741823 30050800 
     -17501  -16020  -11676  -14763       3 314164500 1073741823 1073741823 494870523 
     -17708  -10067   26600   16885       2 314164500 1073741823 -738815000 494870523 
     -13181  -28267   -4740   12448       2 314164500 1073741823 196463520 494870523 
      10434  -10995   22031    5207       2 314164500 1073741823 -12359391 494870523 
      -1976  -28732  -27120    4815       0 60679008 1073741823 -12359391 494870523 
       8819   32355   26022  -18486       0 363113506 1073741823 -12359391 494870523 
      22934   -7283  -25248   24938       2 363113506 1073741823 -395156448 494870523 
     -24019  -10512  -11383    1145       2 363113506 1073741823 393066373 494870523 
     -30081   20933    8220   -4773       3 363113506 1073741823 393066373 43663404 
       5234   15000   29459   11582       2 363113506 1073741823 596073406 43663404 
      -5006    6121    3607   26654       3 363113506 1073741823 596073406 29719210 
      22505   32001     229   -1452       1 363113506 1073741823 596073406 29719210 
      -1154   22015  -21791  -25380       1 363113506 459254915 596073406 29719210 
       4398   -3377   16014   14763       0 4490358 459254915 596073406 29719210 
      -2067  -14778    -425   16820       0 34818615 459254915 596073406 29719210 
     -10992   30123  -30977  -23986       1 34818615 576283113 596073406 29719210 
     -31479  -15013    2498  -15664       1 34818615 697984396 596073406 29719210 
     -16928  -17774   15634   15370       2 34818615 697984396 -542531068 29719210 
      18965  -10759  -26347    1377       2 34818615 697984396 -216203482 29719210 
        -55    1877   29927   -5312       0 -100210 697984396 -216203482 29719210 
      11509    8536   23739  -18389       3 -100210 697984396 -216203482 -368607505 
       9129   -1773   15384   30906       1 -100210 -13042188 -216203482 -368607505 
       8550   17454  -23278  -28457       3 -100210 -13042188 -216203482 -739995828 
       7784  -12087   27690    7258       2 -100210 -13042188 -119150070 -739995828 
      -1607  -13095  -30738  -12468       2 -100210 -13042188 451910076 -739995828 
      32764  -15629   25082  -17578       3 -100210 -13042188 451910076 -301199030 
     -14062   -1010  -18228   -9325       2 -100210 -13042188 274732416 -301199030 
       7326    1946  -14763   11360       2 -100210 -13042188 -136882536 -301199030 
     -10803  -19006   12574   -1718       2 -100210 -13042188 -374818366 -301199030 
      29878  -13531  -10758   31249       2 -100210 -13042188 -175861026 -301199030 
     -19110  -21384   -9571   10789       3 -100210 -13042188 -175861026 -436889766 
      12972   -5905   -6023   18340       2 -100210 -13042188 -42564541 -436889766 
     -20163  -15610   11246    -891       3 -100210 -13042188 -42564541 31873743 
      18402  -15161  -25033   28184       2 -100210 -13042188 -81131953 31873743 
      14950  -25922  -31223  -19091       1 -100210 284416184 -81131953 31873743 
      26152    6615    5629  -19062       3 -100210 284416184 -81131953 -624604554 
      10200   -6810    2909   29407       3 -100210 284416184 -81131953 99689730 
     -31271    3629  -18181  -25749       1 -100210 -100312818 -81131953 99689730 
     -13306    6879   20599   28228       1 -100210 -44211333 -81131953 99689730 
      -1922  -14939    7017  -11884       0 32406842 -44211333 -81131953 99689730 
      -1831  -28999  -11274   -3618       3 32406842 -44211333 -81131953 111542940 
     -11086  -30452  -24460  -31508       3 32406842 -44211333 -81131953 1073741823 
     -23837     960   22964   10855       2 32406842 -44211333 -525347428 1073741823 
       9344    4976   10304   20951       2 32406842 -44211333 147553280 1073741823 
     -10539   10341    -176  -25155       1 32406842 -2047518 147553280 1073741823 
      26970  -14024  -32536   30995       2 32406842 -2047518 -421211056 1073741823 
      -1631   12771   10025    5446       1 32406842 142268940 -421211056 1073741823 
      12372  -14599   10576  -17529       2 32406842 142268940 -23552752 1073741823 
     -27522   25711    9500  -23748       3 32406842 142268940 -23552752 43007628 
      17175  -14793   16813  -22893       0 40910850 142268940 -23552752 43007628 
      20981   30151   -2249   28678       1 40910850 1073741823 -23552752 43007628 
      15724  -15390   14687    4461       3 40910850 1073741823 -23552752 1489974 
      -4100     993    7001    -940       1 40910850 -3085251 -23552752 1489974 
     -14059   -8766   -2430   15347       2 40910850 -3085251 55464750 1489974 
      27218  -13754  -11699   -6148       2 40910850 -3085251 -157515336 1489974 
       3255   29111   15777  -30536       0 105351330 -3085251 -157515336 1489974 
      32194   22611   31793   28524       3 105351330 -3085251 -157515336 1073741823 
      -5121   11664   20560   -3278       0 -33506703 -3085251 -157515336 1073741823 
     -30146    4026  -23078   27439       3 -33506703 -3085251 -157515336 -716706680 
      31141   11052   31225  -20035       1 -33506703 466317036 -157515336 -716706680 
     -22644   12230   -5554   -5214       3 -33506703 466317036 -157515336 54298596 
      21389  -23577   -5859  -31675       0 -46799132 466317036 -157515336 54298596 
       8087  -22086   -5623   -9608       0 -113209913 466317036 -157515336 54298596 
      31853   12318  -21737  -29321       3 -113209913 466317036 -157515336 -1073741824 
      23064  -23333   24344   10297       1 -113209913 6276577 -157515336 -1073741824 
       -947   27238   29584   15615       3 -113209913 6276577 -157515336 410533965 
      16393   -1167   12667    7783       0 249599818 6276577 -157515336 410533965 
      27927   24391  -21824   20753       0 1073741823 6276577 -157515336 410533965 
     -17856   12191  -14899   15549       2 1073741823 6276577 84402835 410533965 
      19210     649  -27410     126       3 1073741823 6276577 84402835 2502234 
       1631  -16028   15549    3278       3 1073741823 6276577 84402835 -47193366 
        642   13156  -11597  -26204       3 1073741823 6276577 84402835 -361562792 
     -13908   22255   19388  -29802       1 1073741823 185762485 84402835 -361562792 
      30808  -27319    1711   23252       0 107489112 185762485 84402835 -361562792 
      28392  -32532   17347   32026       2 107489112 185762485 -71816580 -361562792 
      29360  -15030    5251   28377       0 420728800 185762485 -71816580 -361562792 
     -22642  -21943    4922  -13013       2 420728800 185762485 -219447370 -361562792 
      29929  -27159  -21325  -26784       1 420728800 -75230430 -219447370 -361562792 
     -25896    6527   17727  -18922       0 501579624 -75230430 -219447370 -361562792 
       2733   13390  -29721  -32435       0 44064159 -75230430 -219447370 -361562792 
      32650   11863   24779   20721       1 44064159 528057719 -219447370 -361562792 
      28682  -10473   -5550   -6515       2 44064159 528057719 -101059950 -361562792 
      31679  -28894   30383  -11414       1 44064159 -80469790 -101059950 -361562792 
       4566  -29773    7552   -9042       0 -115095162 -80469790 -101059950 -361562792 
      25886   -3934    3530    1693       3 -115095162 -80469790 -101059950 37164736 
      -1415   22280   16582   28334       0 -29523975 -80469790 -101059950 37164736 
       7321   -7332  -17839  -21794       3 -29523975 -80469790 -101059950  239734 
      15150   19281   27742  -32346       3 -29523975 -80469790 -101059950 -1073741824 
      17227  -27085    4513  -24196       0 -169823766 -80469790 -101059950 -1073741824 
       5056   -8562   28619    9955       0 -17726336 -80469790 -101059950 -1073741824 
      29649   -5783   23162  -26476       0 707603034 -80469790 -101059950 -1073741824 
      15004  -14251  -25511    4052       1 707603034 -10731003 -101059950 -1073741824 
     -23121  -28462   10970  -30565       2 707603034 -10731003 -565865510 -1073741824 
      -9942   22178   17789   -4469       1 707603034 271370008 -565865510 -1073741824 
       2474   16662  -21597  -14690       2 707603034 271370008 -413280192 -1073741824 
     -29296  -11063   27013    5816       1 707603034 446491617 -413280192 -1073741824 
     -20944  -13203  -29098  -26620       3 707603034 446491617 -413280192 908993140 
     -29850  -31443   -9658  -16368       1 707603034 1073741823 -413280192 908993140 
       1843   16295   -3212   -8438       0 33428334 1073741823 -413280192 908993140 
      14812    8366   -9387   -9082       2 33428334 1073741823 -217571886 908993140 
      10073  -27985    9367  -10106       2 33428334 1073741823 -167781704 908993140 
      12774   18062    1830   28928       2 33428334 1073741823 56429880 908993140 
      -1364   -8790   18012  -16146       1 33428334 89253660 56429880 908993140 
      25292  -28661   24982  -19576       2 33428334 89253660 -84164358 908993140 
     -21068  -27951    8514   -4418       0 1032732292 89253660 -84164358 908993140 
      14649  -12919   14675   -5998       2 1032732292 89253660 25387750 908993140 
     -18285   20953   24536   16898       0 -48784380 89253660 25387750 908993140 
      -5088  -22254   -2851   22802       3 -48784380 89253660 25387750 -623452284 
     -14803   24255  -13611  -20178       3 -48784380 89253660 25387750 -190722456 
      11320  -23491  -32213    6157       3 -48784380 89253660 25387750 -74936847 
      25907   11818   29632   -2723       1 -48784380 445834050 25387750 -74936847 
      -7978    3666  -15113   17716       2 -48784380 445834050 65167256 -74936847 
     -18361  -23494  -13166   15473       3 -48784380 445834050 65167256 -647622415 
      -9358   23943   -3632   32174       1 -48784380 349208655 65167256 -647622415 
     -18761  -25540    2424   -5528       1 -48784380 1073741823 65167256 -647622415 
      -8672   10595  -18145  -12594       1 -48784380 20374185 65167256 -647622415 
     -27860   28656   14676   22355       3 -48784380 20374185 65167256 17794580 
      31023  -22846    4419  -20636       0 253675071 20374185 65167256 17794580 
      23602   21153    9841  -13963       3 253675071 20374185 65167256 -624914065 
       8571  -32311    6252    9890       0 -203475540 20374185 65167256 -624914065 
     -15401   27782  -12589  -28503       3 -203475540 20374185 65167256 -352895643 
       1433   24063  -16989   25012       0 36535768 20374185 65167256 -352895643 
      32081   12969  -25906  -28479       1 36535768 584253450 65167256 -352895643 
       6167    7582    6356  -14998       0 84790083 584253450 65167256 -352895643 
      26843    8892   17890  -15330       3 84790083 584253450 65167256 -547817550 
      18637   12561   17305  -12979       2 84790083 584253450 539881390 -547817550 
        344   12015   27026   21605       1 84790083 148493385 539881390 -547817550 
       9896   14008   19193   24943       3 84790083 148493385 539881390 596237472 
      -6976   -1662  -13143  -22711       2 84790083 148493385 113529234 596237472 
     -15183   29726   13499    4522       3 84790083 148493385 113529234 65763446 
      10517  -26774  -25911   26936       0 -170974869 148493385 113529234 65763446 
      20355   16362   28377  -22240       2 -170974869 148493385 1041918309 65763446 
      20235   28371  -14552   10778       2 -170974869 148493385 -707314512 65763446 
      -3985   17900   22647   30617       3 -170974869 148493385 -707314512 426035555 
      22801  -27852   13342  -22380       1 -170974869 140680452 -707314512 426035555 
     -22833   -5872   -3103  -15533       1 -170974869 168555760 -707314512 426035555 
     -13803   29853  -22886    6772       3 -170974869 168555760 -707314512 108690600 
      21740   -3411  -20254  -26205       0 398472460 168555760 -707314512 108690600 
       1894  -25689   22965  -25091       3 398472460 168555760 -707314512 597040345 
      18728   12332   12973  -10910       2 398472460 168555760 402941380 597040345 
       -950    7262   16291   -4236       3 398472460 168555760 402941380 -26737632 
     -21794  -15639   22377  -26593       2 398472460 168555760 -837638241 -26737632 
        730   20115   14991  -17875       1 398472460 419297175 -837638241 -26737632 
      -1119  -16516   -3379   10231       1 398472460 291259660 -837638241 -26737632 
      10331   14104   14189   12600       0 252437985 291259660 -837638241 -26737632 
      18934   32394   -5005   27483       1 252437985 1073741823 -837638241 -26737632 
      23121    6338   14265  -18597       1 252437985 186711142 -837638241 -26737632 
      24942    2281   22036  -26438       1 252437985 62095663 -837638241 -26737632 
      27124  -32569  -15987   18152       2 252437985 62095663 87049215 -26737632 
       -219   17029    9938   25115       2 252437985 62095663 167057780 -26737632 
      14573   30963   28469   11914       0 663596128 62095663 167057780 -26737632 
     -27741  -12559  -12687  -17042       3 663596128 62095663 167057780 686792600 
      -7589  -12971    6655   12877       2 663596128 62095663 -136826800 686792600 
      12354  -12421    8362  -28262       1 663596128  832207 -136826800 686792600 
      26003   27370    7552    2260       3 663596128  832207 -136826800 120622980 
      -8238  -21759   12960  -29558       2 663596128  832207 -388761120 120622980 
      20749  -25095   -7695  -18770       2 663596128  832207 33442470 120622980 
      -1156  -24835   16877  -26050       2 663596128  832207 -438650107 120622980 
      23176   13126  -13836    2736       2 663596128  832207 -502274472 120622980 
      20618   29645  -29745   27152       0 1036322534  832207 -502274472 120622980 
      24662  -27161   20916  -23967       3 1036322534  832207 -502274472 59893533 
     -30830  -25557  -32556   13910       2 1036322534  832207 1073741823 59893533 
     -30798  -16940   32020  -26453       3 1036322534  832207 1073741823 1073741823 
      -8096  -23004  -31602  -30404       0 251785600  832207 1073741823 1073741823 
      30053  -10427    5135  -28089       1 251785600 -204640302 1073741823 1073741823 
      19124   10652   10183  -15911       2 251785600 -204640302 303209008 1073741823 
     -20149   -3992     582  -15476       1 251785600 96370872 303209008 1073741823 
      11338  -20780   -3141   -1227       2 251785600 96370872 29657322 1073741823 
      25215    2731  -11372  -11106       2 251785600 96370872 -317801912 1073741823 
     -31208   22428    8940   14000       0 274006240 96370872 -317801912 1073741823 
     -28826   12974   11582   -4080       0 456949752 96370872 -317801912 1073741823 
      -1977   14270   25964  -23054       0 -24303261 96370872 -317801912 1073741823 
     -31735  -28319    4543   12799       0 1073741823 96370872 -317801912 1073741823 
     -16435   -5346  -29855   -3393       0 357970735 96370872 -317801912 1073741823 
     -22609   15050  -27606   27400       0 170901431 96370872 -317801912 1073741823 
      14948   12536   -1365   12452       3 170901431 96370872 -317801912 342230768 
     -21428  -11480   27971  -23819       2 170901431 96370872 -920469668 342230768 
     -32648  -13490    5646   12203       0 1073741823 96370872 -920469668 342230768 
      12612   31092    -908  -14563       1 1073741823 1073741823 -920469668 342230768 
      20403   -2692    9441   19061       0 361357533 1073741823 -920469668 342230768 
      -6209    8393  -22934  -16422       0 -13560456 1073741823 -920469668 342230768 
     -15396   -5426  -23488   29811       2 -13560456 1073741823 489067136 342230768 
     -22439  -24995  -20299  -10499       3 -13560456 1073741823 489067136 498009566 
     -13918   10454    3324   11791       2 -13560456 1073741823 -11514336 498009566 
       6684   21606  -16067  -22076       0 189090360 1073741823 -11514336 498009566 
     -28749   28106   23368   -2988       2 189090360 1073741823 -15025624 498009566 
       5142   25456  -28460   24995       2 189090360 1073741823 -870819080 498009566 
      -9971   -9004   16005  -27967       3 189090360 1073741823 -870819080 530673825 
       9911   13907  -10861   15126       3 189090360 1073741823 -870819080 360271068 
      26720    4598    7292    7579       2 189090360 1073741823 228370856 360271068 
      28200  -29283   -2310   17885       3 189090360 1073741823 228370856 -19369455 
     -25711  -28297  -25592  -20041       2 189090360 1073741823 1073741823 -19369455 
        769  -12364   18602   32373       1 189090360 143360580 1073741823 -19369455 
     -13611   -3285   -6600    3701       1 189090360 55503360 1073741823 -19369455 
     -26663  -15957   22903   14519       1 189090360 680087340 1073741823 -19369455 
      11495   -4016    -709   17168       3 189090360 680087340 1073741823 128399472 
      -4171  -32394   18887    -702       2 189090360 680087340 -690603155 128399472 
      -9096   22756   27241    4486       0 -124251360 680087340 -690603155 128399472 
       7336  -20585  -29623  -12566       3 -124251360 680087340 -690603155 166486934 
     -23279   24531  -17475  -11200       3 -124251360 680087340 -690603155 -14022400 
      -3519    2149  -21669   29316       1 -124251360 -2944130 -690603155 -14022400 
      31653   -3832  -16277   11506       0 880618113 -2944130 -690603155 -14022400 
      24449  -15900  -21839     519       2 880618113 -2944130 -186701611 -14022400 
     -21228   11845  -28216   -2214       2 880618113 -2944130 264750728 -14022400 
      17826  -10952  -25965  -11936       2 880618113 -2944130 -178483410 -14022400 
     -10458  -31053   -9295  -10781       0 434122038 -2944130 -178483410 -14022400 
       1544   -6722    1845  -26956       2 434122038 -2944130 -9553410 -14022400 
       7493   26945   15000    3272       0 258043934 -2944130 -9553410 -14022400 
       7786   -7868    7970     384       2 258043934 -2944130 -653540 -14022400 
     -12583  -16310   -5431  -32135       2 258043934 -2944130 156917883 -14022400 
      26036   15726   19028     513       0 1073741823 -2944130 156917883 -14022400 
       7300   22811    -841  -14995       0 219810300 -2944130 156917883 -14022400 
     -17294   23274  -22003  -25681       2 219810300 -2944130 -131577940 -14022400 
     -16609  -10722  -29614  -10928       1 219810300 293042982 -131577940 -14022400 
      17513   21890  -32197  -10745       0 690064739 293042982 -131577940 -14022400 
     -24010   14373  -29465   -4873       2 690064739 293042982 283954205 -14022400 
      10790   17465  -15451    2464       3 690064739 293042982 283954205 69620320 
      11101   -7808   10573    1743       1 690064739 -25711744 283954205 69620320 
      12183   13533  -30709    1230       0 313298028 -25711744 283954205 69620320 
     -28477  -29560   -6967    8907       0 1073741823 -25711744 283954205 69620320 
     -11441   10866  -10550   11577       3 1073741823 -25711744 283954205 -6656775 
      -5789   -9272   31087  -28926       1 1073741823 139645592 283954205 -6656775 
     -11585  -27924  -25733    7455       1 1073741823 1073741823 283954205 -6656775 
      10659   20533   -1919    8110       0 332475528 1073741823 283954205 -6656775 
     -19386   22342  -10471  -19579       1 332475528 66042952 283954205 -6656775 
      -9303  -14002   22255  -14594       0 216806415 66042952 283954205 -6656775 
      -4695   19497   12340   -9239       1 216806415 288594594 283954205 -6656775 
      -6857   -4671    1514   21590       2 216806415 288594594 -17453392 -6656775 
      25648   -3013  -27075    1767       0 580542480 288594594 -17453392 -6656775 
     -10713   13711    1955   21605       0 -32117574 288594594 -17453392 -6656775 
     -10414   15302   11325   -6158       1 -32117574 74796176 -17453392 -6656775 
     -17089    -568   11629  -29264       2 -32117574 74796176 -205333253 -6656775 
     -17750  -21949   26023    -338       0 704657250 74796176 -205333253 -6656775 
      30152    1625  -28331  -19004       0 958140104 74796176 -205333253 -6656775 
      29982    8696   29162  -27964       3 958140104 74796176 -205333253 -1073741824 
      28973   16341   -6559   -7919       3 958140104 74796176 -205333253 -358841566 
      11199   16348  -22171    6786       2 958140104 74796176 -610744537 -358841566 
      16781    1567   16441   -3088       1 958140104 28751316 -610744537 -358841566 
      12230   -3228  -17474    7990       3 958140104 28751316 -610744537 71925980 
      29382  -15076   10275   32619       2 958140104 28751316 146994150 71925980 
      -2787  -21117   -3923  -19537       3 958140104 28751316 146994150 467012448 
      30005   -7306   14012  -17799       3 958140104 28751316 146994150 -404019501 
      10885  -15719    4256    8547       1 958140104 75985646 146994150 -404019501 
     -28669   16798   -1131   -8431       1 958140104 -199409058 146994150 -404019501 
       5572   -6768    -918  -17492       3 958140104 -199409058 146994150 20920432 
      27265   18473   -5036   11544       0 1073741823 -199409058 146994150 20920432 
       5970  -24364   26483  -20246       1 1073741823 448151416 146994150 20920432 
     -23790   32216    6225  -21389       1 1073741823 271452016 146994150 20920432 
       2734   14425  -22226   21024       0 46912706 271452016 146994150 20920432 
      13231   30502  -30811  -13954       1 46912706 1073741823 146994150 20920432 
       2375   32225  -28915   29747       1 46912706 1073741823 146994150 20920432 
     -14689  -14953   -9013   29972       1 46912706 443236826 146994150 20920432 
     -12133   25623  -29783  -13335       1 46912706 345654270 146994150 20920432 
       6102  -20160    2367   19669       3 46912706 345654270 146994150 -276506802 
      29938   11775   -7010  -10211       0 1073741823 345654270 146994150 -276506802 
     -21014  -31966    3398  -25963       3 1073741823 345654270 146994150 1073741823 
      27674  -25172  -32439  -21445       1 1073741823 -62980344 146994150 1073741823 
      21353   10705   22468   32182       2 1073741823 -62980344 720279144 1073741823 
      -5640   16065   20053  -14743       2 1073741823 -62980344 209052525 1073741823 
      -8727  -25797   25203  -13704       0 301290948 -62980344 209052525 1073741823 
      23346    -601   22081  -22090       3 301290948 -62980344 209052525 -502437050 
      14026   -4632   27196   -4256       1 301290948 -43513008 209052525 -502437050 
     -23792  -20551   29586   -8081       3 301290948 -43513008 209052525 358335783 
      20735  -22158  -11096   -3162       0 -29505905 -43513008 209052525 358335783 
     -25871  -17804   20263  -17210       2 -29505905 -43513008 -884986525 358335783 
     -16133   22740   -5656  -18523       1 -29505905 150243180 -884986525 358335783 
      -7344   25411   12609  -29875       0 -132684048 150243180 -884986525 358335783 
     -31299   22089  -22367   -2090       2 -132684048 150243180 206000070 358335783 
      15897   27314   -9275  -25620       1 -132684048 1073741823 206000070 358335783 
     -31135   28237   -9635  -28152       0 90229230 1073741823 206000070 358335783 
      -3611   21982  -18400   26992       3 90229230 1073741823 206000070 495870032 
     -12557    2201     443   31542       2 90229230 1073741823 -4587708 495870032 
       2060  -18541  -11527   -7924       2 90229230 1073741823 189976487 495870032 
      -2350   26950    8243   31519       3 90229230 1073741823 189976487 775367400 
      -9150  -29597    5243   27056       3 90229230 1073741823 189976487 -1048338832 
      21402   20474  -26116    -144       3 90229230 1073741823 189976487 -6030144 
     -25317    6506   -4724    2403       2 90229230 1073741823 88863164 -6030144 
     -19936   21895   28739    4880       2 90229230 1073741823 56299701 -6030144 
      30129   -8114    7838  -19445       3 90229230 1073741823 56299701 -428081675 
     -14202   31877   -3920   18466       0 -251020350 1073741823 56299701 -428081675 
     -22283  -32179   -4869   24956       3 -251020350 1073741823 56299701 -1073741824 
     -17999    5429  -10868    9961       1 -251020350 -68242530 56299701 -1073741824 
     -29652  -21470    5267    3054       3 -251020350 -68242530 56299701 -156126588 
      13212   14104   19024  -15400       2 -251020350 -68242530 519659584 -156126588 
      27342  -26714  -14520   -3442       0 17170776 -68242530 519659584 -156126588 
      11358  -25016  -25937   -5865       3 17170776 -68242530 519659584 80104170 
      21890   21575  -28619   -5802       3 17170776 -68242530 519659584 -252183930 
       8115   18306   16760   -1918       1 17170776 483662826 519659584 -252183930 
     -15337  -15720  -13523  -12883       2 17170776 483662826 419983811 -252183930 
     -24481    8050   18767   24393       0 402247311 483662826 419983811 -252183930 
      24646   30766   -7069  -22511       3 402247311 483662826 419983811 -1073741824 
     -22756   -9912   14952   23458       0 743393008 483662826 419983811 -1073741824 
       7658  -10007   30078   17398       0 -17988642 483662826 419983811 -1073741824 
      24681   -6566   20425   18687       1 -17988642 -118943090 419983811 -1073741824 
      -3526   12133  -12585    3949       0 -30348282 -118943090 419983811 -1073741824 
     -14534  -27722  -18111  -25391       1 -30348282 1073741823 419983811 -1073741824 
      14747    6307   10467  -30134       3 -30348282 1073741823 419983811 -634441236 
     -19786   -1434   19666    5125       0 419858920 1073741823 419983811 -634441236 
      -5750  -26501   27303   15860       0 185443250 1073741823 419983811 -634441236 
      -8384  -16495   25306   19491       1 185443250 410379105 419983811 -634441236 
      12546    6114    8695  -18304       2 185443250 410379105 162248700 -634441236 
     -25976   21677   -8458  -27046       0 111670824 410379105 162248700 -634441236 
      -4560   27443   12988     779       0 -104346480 410379105 162248700 -634441236 
      -8044   11111    1352    4757       1 -104346480 34077437 162248700 -634441236 
     -17633  -26675  -18766    4148       1 -104346480 1073741823 162248700 -634441236 
       4546   12324  -30276   11970       0 76691020 1073741823 162248700 -634441236 
     -17551    8702   21760    2167       3 76691020 1073741823 162248700 -19175783 
      13372    2178  -23554     652       1 76691020 33867900 162248700 -19175783 
      -2997   29245   22649  -25782       0 -78665256 33867900 162248700 -19175783 
      23847   28814    5068  -17749       2 -78665256 33867900 266885948 -19175783 
       1319  -13853    2145   -4307       2 -78665256 33867900 -26885430 -19175783 
     -27121   16365    1262   -4212       3 -78665256 33867900 -26885430 45304272 
     -20133    2504   26740   -8647       0 354924657 33867900 -26885430 45304272 
     -11667   -8914    6395  -18799       1 354924657 183459034 -26885430 45304272 
      32544   29613   18225    8993       0 1073741823 183459034 -26885430 45304272 
      25518  -25669   -4288  -31918       1 1073741823 3876019 -26885430 45304272 
       8880   -4944  -25055  -23310       2 1073741823 3876019 -98616480 45304272 
      13153   23402   17602  -31847       2 1073741823 3876019 643441110 45304272 
      20062   13292    9499    6133       0 669147948 3876019 643441110 45304272 
      -5872    -924     720   31567       0 39906112 3876019 643441110 45304272 
       4231  -23051  -12646   16639       2 39906112 3876019 237997720 45304272 
      18085   13467  -12552  -18899       3 39906112 3876019 237997720 -596301248 
      -2246   29425   13897  -20169       2 39906112 3876019 377706563 -596301248 
      17344   11134   17335   14284       1 39906112 317074052 377706563 -596301248 
     -32525   -4408   -2423   21708       3 39906112 317074052 377706563 -801741564 
     -20011  -10703  -18640    1938       1 39906112 328731942 377706563 -801741564 
      13380   32398  -30921  -23854       1 39906112 1073741823 377706563 -801741564 
      16945   15555   14730   -2219       2 39906112 1073741823 478725000 -801741564 
     -15632   19557   -8409     517       3 39906112 1073741823 478725000 2029225 
     -10015  -25001  -19248   27883       0 350685240 1073741823 478725000 2029225 
     -25800  -20457  -26059  -18459       1 350685240 946279449 478725000 2029225 
      -4918  -29499  -23657  -10962       1 350685240 1015267083 478725000 2029225 
     -26714    6487   -7461  -11398       0 540344078 1015267083 478725000 2029225 
      24066  -24396  -23526    5419       1 540344078 8050680 478725000 2029225 
      24487   13109    -419    6187       3 540344078 8050680 478725000 232606452 
      17392  -12911   -2679   10070       0 77933552 8050680 478725000 232606452 
      23297  -24262  -28935   -6703       3 77933552 8050680 478725000 6468395 
      31195  -24288  -12134   23561       2 77933552 8050680 -83809538 6468395 
      25033  -13698  -29868   25331       2 77933552 8050680 -338553780 6468395 
      18306  -15554  -26129   -3847       0 50378112 8050680 -338553780 6468395 
      -9569  -27948   23167   16437       0 359000173 8050680 -338553780 6468395 
     -20516   18663  -10212   21729       0 38016148 8050680 -338553780 6468395 
     -25754  -12362    1395   28197       3 38016148 8050680 -338553780 -1073741824 
       8243   10224   28463   14526       0 152223481 8050680 -338553780 -1073741824 
       6658   23012    7438  -16429       1 152223481 682766040 -338553780 -1073741824 
      26901   -4571  -24846   30845       1 152223481 -102070430 -338553780 -1073741824 
      -5924   -5766   31889   21198       0 69251560 -102070430 -338553780 -1073741824 
       5500  -31840   31672    7804       2 69251560 -102070430 -834240480 -1073741824 
      25340   15403  -27337  -16482       3 69251560 -102070430 -834240480 -671526126 
     -26129   27892   27452    7329       1 69251560 49173596 -834240480 -671526126 
     -30362  -11511   30271    8245       1 69251560 482000103 -834240480 -671526126 
      24766   -4824  -10995   15657       3 69251560 482000103 -834240480 312231894 
       -249    1125    2746     105       1 69251560  985500 -834240480 312231894 
      20282  -29007   13945     348       1 69251560 253086075 -834240480 312231894 
      19254   26381   19383  -27888       0 878656290 253086075 -834240480 312231894 
     -12972    6875   -7937  -26841       2 878656290 253086075 48391889 312231894 
     -18645   -2053   19306   -5190       3 878656290 253086075 48391889 107422620 
      19876  -27081  -12397   14109       0 -143206580 253086075 48391889 107422620 
      21755  -30537   11598  -28270       0 -191052410 253086075 48391889 107422620 
     -15868   21594  -28128   12316       0 -90860168 253086075 48391889 107422620 
       2058   14657   29869  -11028       2 -90860168 253086075 499260335 107422620 
       3584   14144   -7632   -9977       1 -90860168 250744832 499260335 107422620 
      20525  -25843   12970    4548       3 -90860168 250744832 499260335 -24186264 
     -16215   28080   -5386  -14010       1 -90860168 333169200 499260335 -24186264 
      11823   13653  -13378   -4474       2 -90860168 333169200 -340817928 -24186264 
     -10776     315   -7329    8055       3 -90860168 333169200 -340817928 -84263355 
      -7950   27144    6611    2328       3 -90860168 333169200 -340817928 44683632 
       8364  -27468   -4855     620       3 -90860168 333169200 -340817928 -11844480 
      22482  -11037   12680  -26544       0 257306490 333169200 -340817928 -11844480 
       7029  -29804   -7440     670       1 257306490 678786100 -340817928 -11844480 
      -2901   -4604   -4369  -20386       1 257306490 34553020 -340817928 -11844480 
      -9035   27702   -2957   27695       1 257306490 517113234 -340817928 -11844480 
      22542   32399  -15880  -14184       3 257306490 517113234 -340817928 -779283144 
     -19596   19812   29561    -217       2 257306490 517113234 6385176 -779283144 
     -21907   -4928  -28576   30485       0 587874345 517113234 6385176 -779283144 
       7845   -2142   18931    1644       2 587874345 517113234 107963493 -779283144 
      16644  -24531  -14882    3081       3 587874345 517113234 107963493 -24299847 
     -29168    8471  -24891  -14207       2 587874345 517113234 515169027 -24299847 
      -8162  -22758   26943   23896       2 587874345 517113234 -833077560 -24299847 
     -27723   21033   -5018  -27643       3 587874345 517113234 -833077560 184931670 
      -4323   11265   -8417   22800       3 587874345 517113234 -833077560 158277600 
     -25270    5996   11304  -15481       0 487053980 517113234 -833077560 158277600 
      12869    7228  -14713   20821       3 487053980 517113234 -833077560 418439637 
       4563  -28041  -30317    6196       1 487053980 658346598 -833077560 418439637 
       1919   -7781   -8662  -18389       2 487053980 658346598 50776644 418439637 
      -4443   -9355   21996  -11967       1 487053980 129080290 50776644 418439637 
      25638  -11773   32141   10353       2 487053980 129080290 445634965 418439637 
       3475    1878   11017  -16489       2 487053980 129080290 58974001 418439637 
      25192    7854   26264  -31146       2 487053980 129080290 867920144 418439637 
      32690   14531  -24814  -18014       0 1073741823 129080290 867920144 418439637 
     -17024   -4237  -22926  -10969       2 1073741823 129080290 487429686 418439637 
      -2353   17768     138   30542       0 -36271495 129080290 487429686 418439637 
      -6215  -25160  -23022  -17344       0 194995625 129080290 487429686 418439637 
       2123  -28556  -11677   21115       1 194995625 754820748 487429686 418439637 
       2009  -23150    4900  -19324       1 194995625 489414150 487429686 418439637 
       4758  -11904  -30089  -20999       1 194995625 85065984 487429686 418439637 
     -24280   16217  -30729  -25479       1 194995625 -130757671 487429686 418439637 
       9389   -7042    9687  -28516       2 194995625 -130757671 22735389 418439637 
      21676   28243    4712   31237       3 194995625 -130757671 22735389 1073741823 
       1141   30583  -23792   17486       2 194995625 -130757671 -754777408 1073741823 
     -15438   -2241   12954   16050       0 272928402 -130757671 -754777408 1073741823 
     -10414   19603   28339  -16938       3 272928402 -130757671 -754777408 -155643282 
     -27964   12651   10096  -23851       3 272928402 -130757671 -754777408 365230363 
      22444   27571    9822  -17664       2 272928402 -130757671 491247330 365230363 
      10836   -2666  -23680  -32732       1 272928402 -21781220 491247330 365230363 
     -12457  -25662     558  -13418       3 272928402 -21781220 491247330 511480742 
     -18839  -12682   11841  -31960       1 272928402 399749322 491247330 511480742 
      32654  -30588   18540   -7260       1 272928402 -63194808 491247330 511480742 
     -11246  -19595   -8742   18495       0 346837886 -63194808 491247330 511480742 
     -11615  -11056   26374  -28542       1 346837886 250650576 491247330 511480742 
      16769   17386    2630   11463       3 346837886 250650576 491247330 391518765 
     -11610  -17694   26827   30061       3 346837886 250650576 491247330 -880907544 
      21303  -29945   16681   22387       2 346837886 250650576 -144157202 -880907544 
       7448   25649   19069  -15275       3 346837886 250650576 -144157202 -505556675 
       5901    3556  -31221   26658       1 346837886 33629092 -144157202 -505556675 
       4379    4048   21724   29113       2 346837886 33629092 183068148 -505556675 
      -8127   28800   -5170  -19338       2 346837886 33629092 -106879410 -505556675 
      28295  -30839  -32651  -25451       2 346837886 33629092 83064144 -505556675 
     -21902   21917   -8796   18756       0 -328530 33629092 83064144 -505556675 
     -26583    5224   29894  -27793       0 567786297 33629092 83064144 -505556675 
      10638  -27600  -30014  -19516       1 567786297 468151200 83064144 -505556675 
      27692  -17872  -31257  -17450       0 271935440 468151200 83064144 -505556675 
      -4909   26725   32646  -14624       2 271935440 468151200 712205136 -505556675 
     -32161  -32750  -10472  -32175       2 271935440 468151200 679747992 -505556675 
     -23724  -15577  -20350  -27945       1 271935440 612191677 679747992 -505556675 
     -30787   22802  -30529  -18824       1 271935440 -182073970 679747992 -505556675 
      14036   15281    6280  -18914       2 271935440 -182073970 184110760 -505556675 
     -22212  -18830   15218  -27563       1 271935440 772820860 184110760 -505556675 
      -9765   21655   13027  -16765       1 271935440 257477950 184110760 -505556675 
      -5959   19410  -30144  -31797       3 271935440 257477950 184110760 -427701447 
       9132    9270   10586   27059       0 168047064 257477950 184110760 -427701447 
       4698  -31938   11244  -15091       0 -127973520 257477950 184110760 -427701447 
      19891   28802  -10290   20842       1 -127973520 1073741823 184110760 -427701447 
      -8417   32754  -30492   20794       2 -127973520 1073741823 -742083804 -427701447 
      20075   -8600   11646   20174       0 230360625 1073741823 -742083804 -427701447 
      20942    -430   27702   -7172       2 230360625 1073741823 568223424 -427701447 
       2441  -10055   -5989   11420       2 230360625 1073741823 45600246 -427701447 
     -22573   31864   21316   19690       2 230360625 1073741823 198046956 -427701447 
       1924  -23377   19727   29403       1 230360625 501506781 198046956 -427701447 
     -32277  -25619   10646   -7923       0 1073741823 501506781 198046956 -427701447 
       9278    1091   -7149  -15459       0 96203582 501506781 198046956 -427701447 
      27968  -31209  -11168   18053       0 -90644288 501506781 198046956 -427701447 
      23771   32438   -6294   32541       0 1073741823 501506781 198046956 -427701447 
     -27488    8454   20995    3565       1 1073741823 -160913436 198046956 -427701447 
     -10811  -17070   19444  -15442       1 1073741823 475928670 198046956 -427701447 
       4043    7927    4366   -4364       0 48394710 475928670 198046956 -427701447 
      -5677   -6019    8441  -11364       3 48394710 475928670 198046956 132913344 
      -2437   -7585    8561   20329       2 48394710 475928670 -85798342 132913344 
     -11179  -17518   -6631   17761       2 48394710 475928670 190289807 132913344 
     -22257    2961   -9095   12143       3 48394710 475928670 190289807 -234311328 
      -8336   23948  -15326    9124       1 48394710 373876176 190289807 -234311328 
      14238   19345  -25060  -21304       2 48394710 373876176 -841589980 -234311328 
      17638   29914   22429     813       1 48394710 1073741823 -841589980 -234311328 
      -3281   -1795   30278   -9383       1 48394710 9111420 -841589980 -234311328 
     -10663   13642  -27377   15677       1 48394710 40639518 -841589980 -234311328 
     -14443   -8670  -19410   14758       1 48394710 200389710 -841589980 -234311328 
      -3214   12853  -13583   10772       2 48394710 200389710 -130926537 -234311328 
      12308   25761   28885  -16988       1 48394710 980695509 -130926537 -234311328 
     -17239   -6210  -17915   15186       3 48394710 980695509 -130926537 -356096514 
      -9914  -27918  -20148   29661       2 48394710 980695509 762239136 -356096514 
      21113   25146   -5044  -14346       0 976666267 980695509 762239136 -356096514 
      20629   28627   -3367  -26978       0 1016102024 980695509 762239136 -356096514 
     -26492   24926    7771  -22034       1 1016102024 -39034116 762239136 -356096514 
      18258  -23309  -18946   -1940       2 1016102024 -39034116 95696246 -356096514 
      27701   -6586    7648  -27234       1 1016102024 -139063390 95696246 -356096514 
      29040  -28429   30327   -2280       3 1016102024 -139063390 95696246 -1393080 
     -13769    -970   -8855   21639       3 1016102024 -139063390 95696246 -318937221 
       5760   31739    6358   -6401       3 1016102024 -139063390 95696246 -240031099 
       2605   30848   32194   12867       0 87145065 -139063390 95696246 -240031099 
     -16841   -4884   20082   20819       3 87145065 -139063390 95696246 -452292775 
      28423  -12276   29941   32125       0 458946181 -139063390 95696246 -452292775 
       7352   -9400   27288   12569       3 458946181 -139063390 95696246 -25741312 
     -25777  -13604  -15315  -23405       1 458946181 535739124 95696246 -25741312 
      -2843    1809  -12795  -29417       0 2939662 535739124 95696246 -25741312 
      18609   32168  -30111    9005       0 944909193 535739124 95696246 -25741312 
     -18598   24772   11232  -11488       0 -114824052 535739124 95696246 -25741312 
     -13631   -3817   32699  -30304       0 237833688 535739124 95696246 -25741312 
     -22826    6867  -16417  -17522       3 237833688 535739124 95696246 279633598 
       -278  -24015   -1578    8384       1 237833688 583396395 95696246 279633598 
       -927  -29441  -24287   25140       1 237833688 894064288 95696246 279633598 
       4262  -22482   25948  -30640       1 237833688 409622040 95696246 279633598 
      27660    6204   17250   21804       3 237833688 409622040 95696246 738370656 
     -25822   26316    7139   18128       0 -12756068 409622040 95696246 738370656 
     -12645   21623    2332   27300       0 -113526810 409622040 95696246 738370656 
     -22103   21910    2649   -2497       1 -113526810 -4228630 95696246 738370656 
       3246  -12309   13401  -10971       1 -113526810 111556467 95696246 738370656 
       9521   14613   23998  -21668       0 229779814 111556467 95696246 738370656 
      -5633   24804  -11561    5510       3 229779814 111556467 95696246 105632210 
     -11888   -9456    1589   15285       0 253737472 111556467 95696246 105632210 
      -3182  -28602    2616   26727       1 253737472 909085968 95696246 105632210 
      -5902  -28556    9790    2548       2 253737472 909085968 -337343820 105632210 
       3419   -2342   32187  -12780       1 253737472 -2522334 -337343820 105632210 
       5870  -28943  -20075  -18684       3 253737472 -2522334 -337343820 431095932 
      17792  -25533    7721   23402       1 253737472 197650953 -337343820 431095932 
     -23000   18719   29534  -17968       0 98463000 197650953 -337343820 431095932 
       9493  -18899   26857  -10923       2 98463000 197650953 -252616942 431095932 
      27346    4312  -23503    5010       1 98463000 136509296 -252616942 431095932 
     -19351   27103    6730    7783       1 98463000 210102456 -252616942 431095932 
      11793   31188    3114    4318       3 98463000 210102456 -252616942 185591958 
      -6461   25002  -20557    4261       1 98463000 463562082 -252616942 185591958 
      -8146   19041  -21579   28784       1 98463000 207451695 -252616942 185591958 
       9872   14429     628   28560       0 239899472 207451695 -252616942 185591958 
     -26981  -15177  -24538  -24506       0 1073741823 207451695 -252616942 185591958 
      31289   -4759   27455   23626       2 1073741823 207451695 728381150 185591958 
      30622  -19711  -24205   -9487       2 1073741823 207451695 -264100755 185591958 
      30812   23322   31865  -31348       2 1073741823 207451695 1073741823 185591958 
      -1314    1652   -6513    1264       1 1073741823  558376 1073741823 185591958 
      24706  -15327  -17097   19343       3 1073741823  558376 1073741823 181417997 
      -1992   24443   10816   13944       2 1073741823  558376 242830016 181417997 
      15377   16264   27155   19294       0 486543657  558376 242830016 181417997 
      20839  -27478   -3390   10059       2 486543657  558376 22506210 181417997 
      -8974   22840  -11479  -25734       3 486543657  558376 22506210 -356827644 
      13709   12061  -30961  -14414       2 486543657  558376 -797864970 -356827644 
     -12248  -19853   14647  -28708       3 486543657  558376 -797864970 921555508 
     -23498  -16510  -11976   30371       1 486543657 660532080 -797864970 921555508 
     -12309    2633  -21865   10364       1 486543657 -25476908 -797864970 921555508 
     -23666  -15842  -28400  -29668       0 934996328 -25476908 -797864970 921555508 
     -21901    9512  -23019   14778       3 934996328 -25476908 -797864970 -183084642 
      11710    9278  -17778  -27917       3 934996328 -25476908 -797864970 -585921996 
      -1139  -14006   24843   26540       2 934996328 -25476908 -376247235 -585921996 
      28698  -29411  -14679  -11062       2 934996328 -25476908 10466127 -585921996 
     -16131  -23886   -7455  -18346       1 934996328 955846062 10466127 -585921996 
     -27980   26673   18141   25777       1 934996328 -34861611 10466127 -585921996 
      22320  -15636  -24969  -27121       0 149186880 -34861611 10466127 -585921996 
       8234   -8708  -32761  -14868       0 -3902916 -34861611 10466127 -585921996 
      29976   29943  -20074   -7291       2 -3902916 -34861611 -1073741824 -585921996 
       2296    2377  -28384  -21970       2 -3902916 -34861611 -132638432 -585921996 
     -11410  -13636    4854   -2338       0 285774860 -34861611 -132638432 -585921996 
     -14378   18692    6381  -31622       1 285774860 80637288 -132638432 -585921996 
     -22651  -17810    6840    -643       0 916482111 80637288 -132638432 -585921996 
      27496   -6301     208   -8288       2 916482111 80637288 4408560 -585921996 
      16571   14153   28699  -22197       1 916482111 434836772 4408560 -585921996 
      -1187    4873   31307    8401       2 916482111 434836772 115397602 -585921996 
     -26589  -20411  -13468   21334       0 1073741823 434836772 115397602 -585921996 
      17859   24907   32721   -4306       1 1073741823 1065172762 115397602 -585921996 
       5993  -11843  -11370  -25716       0 -35059050 1065172762 115397602 -585921996 
       -391   28106  -18799     414       2 -35059050 1065172762 -521014285 -585921996 
      21069  -15628  -14873   14029       2 -35059050 1065172762 -80923993 -585921996 
      12616   -3196     715    1314       3 -35059050 1065172762 -80923993 12377880 
       8712   -9280  -25105   -6543       2 -35059050 1065172762 14259640 12377880 
     -18017  -30561   26269   -7992       3 -35059050 1065172762 14259640 388235376 
     -15729   13120    3402  -24355       1 -35059050 -34230080 14259640 388235376 
      27527   29801  -28549   24655       3 -35059050 -34230080 14259640 1073741823 
       7993  -27697   26217  -18327       0 -157494072 -34230080 14259640 1073741823 
      26221  -12769  -15341  -17478       2 -157494072 -34230080 -206367132 1073741823 
